K: 1024.8157634882448 0.0 1024.5 0.0 1024.8157634882448 768.5 0.0 0.0 1.0
D: 0.0 0.0 0.0 0.0 0.0

